front_col,left_col,right_col,rear_col,num_cols,avg_speed,avg_time_taken,time_limit_reached,goal_reached
1,0,0,0,1,0.9526143865363939,139.67999999999998,0,0
2,0,0,0,2,0.9184048520354399,13.120000000000001,0,0
2,0,0,0,2,1.1307292540308487,65.92,0,1
2,0,0,0,2,0.9708405923334186,150.016,1,1
3,0,0,0,3,0.9685506055427535,108.54400000000001,1,1
3,0,0,0,3,0.8933438392751594,150.016,2,1
3,0,0,0,3,0.9063160768969789,150.016,3,1
3,0,0,0,3,0.8389235079712916,150.016,4,1
4,0,0,0,4,0.8712549208538505,75.968,4,1
4,0,1,0,5,0.8548729929387826,132.576,4,1
4,0,1,0,5,0.8423513877481574,96.608,4,2
4,0,1,0,5,0.861601965426626,150.016,5,2
4,0,1,0,5,0.8214606074833962,104.608,5,3
5,0,1,0,6,0.8330100509120196,72.28800000000001,5,3
5,1,1,0,7,0.8603125353587731,70.944,5,3
6,1,1,0,8,0.8677461849353972,95.808,5,3
6,1,2,0,9,0.8802521161439351,93.792,5,3
6,1,2,0,9,0.868404545034267,136.0,5,4
6,1,2,0,9,0.8618793479344505,150.016,6,4
6,1,3,0,10,0.8825672379927021,80.128,6,4
7,1,3,0,11,0.884501641239938,2.88,6,4
7,1,3,0,11,0.8729381497194281,118.75200000000001,6,5
8,1,3,0,12,0.8934925224218482,74.304,6,5
8,1,3,0,12,0.885512168709201,118.944,6,6
8,1,3,0,12,0.8823857319154743,150.016,7,6
8,2,3,0,13,0.8909421224673437,49.376000000000005,7,6
8,2,3,0,13,0.8907829387612823,115.488,7,7
8,2,3,0,13,0.8616065364112648,130.016,7,8
8,2,3,0,13,0.8506059708774981,150.016,8,8
9,2,3,0,14,0.8458617542605377,100.736,8,8
10,2,3,0,15,0.8587058050478337,104.83200000000001,8,8
10,3,3,0,16,0.8510766959339358,68.06400000000001,8,8
10,3,3,0,16,0.8572528379985088,77.792,8,9
10,3,3,1,17,0.8396822705059853,90.688,8,9
10,4,3,1,18,0.8487586101263107,60.544000000000004,8,9
10,4,3,1,18,0.8321312713176535,150.016,9,9
10,4,3,1,18,0.8196411599115602,127.712,9,10
11,4,3,1,19,0.8227709356749967,75.456,9,10
11,5,3,1,20,0.8227618033759289,10.944,9,10
12,5,3,1,21,0.8294892575516543,90.048,9,10
13,5,3,1,22,0.8362766590209622,60.608000000000004,9,10
14,5,3,1,23,0.836418777020537,10.912,9,10
14,5,3,2,24,0.8403211813259361,45.888000000000005,9,10
14,5,3,2,24,0.8497083702519801,55.36000000000001,9,11
14,5,3,2,24,0.8537152661785385,150.016,10,11
14,5,3,2,24,0.8636098440421661,54.848000000000006,10,12
15,5,3,2,25,0.8658265553738944,72.57600000000001,10,12
15,5,3,2,25,0.866551712438467,150.016,11,12
15,5,3,2,25,0.8571251337615887,150.016,12,12
15,5,3,2,25,0.8387619158203459,120.256,12,13
16,5,3,2,26,0.8456583824274538,84.83200000000001,12,13
16,5,3,3,27,0.8403237426198197,73.92,12,13
16,5,3,4,28,0.8324422019384992,57.952000000000005,12,13
16,5,4,4,29,0.8391689942689728,72.83200000000001,12,13
16,5,4,4,29,0.8372908177201362,150.016,13,13
17,5,4,4,30,0.8397071171475761,87.26400000000001,13,13
17,5,4,4,30,0.8325580934718048,150.016,14,13
18,5,4,4,31,0.8312727840366791,116.67200000000001,14,13
19,5,4,4,32,0.8433731738560578,84.256,14,13
20,5,4,4,33,0.8501060289406435,112.67200000000001,14,13
20,5,5,4,34,0.8456433544627824,116.992,14,13
21,5,5,4,35,0.8462810226912642,7.872,14,13
22,5,5,4,36,0.8424214264934348,75.26400000000001,14,13
23,5,5,4,37,0.8429121407255229,6.752,14,13
23,5,5,4,37,0.8378193190433332,150.016,15,13
23,5,5,4,37,0.8363680987743422,150.016,16,13
23,6,5,4,38,0.8416244545818369,55.87200000000001,16,13
24,6,5,4,39,0.8425181883412263,107.168,16,13
24,6,5,4,39,0.82769736407759,144.576,16,14
24,6,5,4,39,0.8297042352709749,47.168000000000006,16,15
25,6,5,4,40,0.8351544915901682,72.896,16,15
25,6,6,4,41,0.8375024979975594,95.584,16,15
25,6,6,5,42,0.8433360087651374,65.47200000000001,16,15
26,6,6,5,43,0.8420999757594598,92.19200000000001,16,15
26,6,7,5,44,0.8383285769908315,72.992,16,15
26,6,7,5,44,0.8397164679802754,150.016,17,15
27,6,7,5,45,0.8477761087774969,61.856,17,15
27,6,7,5,45,0.8490414992799178,150.016,18,15
27,6,7,5,45,0.8476064606967565,114.49600000000001,18,16
28,6,7,5,46,0.840771491738662,88.28800000000001,18,16
28,6,7,5,46,0.8311891645218735,150.016,19,16
29,6,7,5,47,0.8342212066088033,110.144,19,16
29,6,7,5,47,0.8297811232437462,150.016,20,16
29,6,7,5,47,0.8280660371636297,150.016,21,16
29,6,7,5,47,0.826831899479527,150.016,22,16
29,6,7,5,47,0.8262828190279665,103.13600000000001,22,17
30,6,7,5,48,0.8318730467004689,109.28,22,17
30,6,7,5,48,0.8289574421344247,150.016,23,17
31,6,7,5,49,0.8269052162972169,75.552,23,17
31,7,7,5,50,0.8312726285969311,63.232000000000006,23,17
32,7,7,5,51,0.8342928457178728,72.80000000000001,23,17
33,7,7,5,52,0.8390497596286337,52.352000000000004,23,17
34,7,7,5,53,0.8425498198084229,55.52,23,17
34,8,7,5,54,0.8427898263647164,6.368,23,17
35,8,7,5,55,0.8458012373491505,79.52000000000001,23,17
35,8,7,5,55,0.843449115751137,150.016,24,17
36,8,7,5,56,0.8469730399161179,61.632000000000005,24,17
36,8,7,5,56,0.8456512030528962,150.016,25,17
37,8,7,5,57,0.8474841391385194,128.768,25,17
37,8,7,5,57,0.8413576748107013,150.016,26,17
38,8,7,5,58,0.8400439102008307,122.62400000000001,26,17
39,8,7,5,59,0.8436850925862314,100.768,26,17
39,8,7,5,59,0.8420106525990034,150.016,27,17
39,8,7,5,59,0.8401080487578276,70.208,27,18
39,8,7,5,59,0.8385056619541494,150.016,28,18
39,9,7,5,60,0.8430749639630135,61.28000000000001,28,18
39,10,7,5,61,0.8474748952429084,52.416000000000004,28,18
39,10,8,5,62,0.8469375623256573,19.264,28,18
39,10,8,5,62,0.8404154831846676,119.68,28,19
40,10,8,5,63,0.8450506628460347,55.74400000000001,28,19
40,10,8,5,63,0.8436395118374099,102.464,28,20
41,10,8,5,64,0.8459856274831713,52.06400000000001,28,20
41,10,9,5,65,0.8438814324344779,45.664,28,20
41,10,9,5,65,0.8368491139302199,150.016,29,20
41,10,9,5,65,0.8367709623278077,150.016,30,20
41,10,10,5,66,0.8370392660032187,124.992,30,20
41,10,10,5,66,0.8350832041589422,150.016,31,20
41,10,10,5,66,0.8348249214344801,19.04,31,21
41,10,10,5,66,0.8357312958504967,150.016,32,21
41,10,10,5,66,0.8334692856303562,150.016,33,21
41,10,10,5,66,0.8355709607422758,133.024,33,22
41,10,10,6,67,0.8350406276072188,24.896,33,22
41,11,10,6,68,0.8349087070889517,11.424,33,22
41,11,10,6,68,0.8339096950991883,150.016,34,22
41,11,11,6,69,0.8282272680156092,92.48,34,22
41,11,11,7,70,0.8305112536444387,75.808,34,22
41,11,11,7,70,0.8276457431750307,76.896,34,23
42,11,11,7,71,0.8293376463004393,118.4,34,23
42,11,11,8,72,0.8274811319250873,38.752,34,23
42,11,11,8,72,0.8221978822282918,137.024,34,24
42,11,11,8,72,0.8234040648047932,35.36000000000001,34,25
42,11,11,8,72,0.8255865874398919,82.208,34,26
42,11,11,8,72,0.8249404857060852,125.60000000000001,34,27
42,11,11,8,72,0.8254569572584266,14.56,34,28
43,11,11,8,73,0.8293146732139295,64.48,34,28
43,11,11,8,73,0.8309478116903212,65.72800000000001,34,29
44,11,11,8,74,0.8332331212710382,54.304,34,29
45,11,11,8,75,0.8335067907217167,16.48,34,29
46,11,11,8,76,0.8335318313713893,105.248,34,29
46,11,11,8,76,0.8375717461456351,56.224000000000004,34,30
46,11,11,8,76,0.8372638647834129,150.016,35,30
46,11,11,8,76,0.8396988476088669,150.016,36,30
47,11,11,8,77,0.8419857698667129,72.83200000000001,36,30
47,11,11,8,77,0.839812327803,140.95999999999998,36,31
47,11,11,8,77,0.8371986663355592,150.016,37,31
47,11,11,9,78,0.837927018113585,79.872,37,31
47,11,11,9,78,0.8346790372421817,150.016,38,31
47,11,11,9,78,0.8332060744836057,150.016,39,31
47,11,11,9,78,0.834310775378297,80.80000000000001,39,32
47,11,11,9,78,0.8309418368471493,150.016,40,32
47,11,11,10,79,0.8332637988239203,115.39200000000001,40,32
48,11,11,10,80,0.834383971817925,92.256,40,32
48,11,11,10,80,0.8344900129346546,150.016,41,32
48,11,11,10,80,0.835962314926597,120.57600000000001,41,33
48,11,11,10,80,0.8328888839653936,150.016,42,33
48,11,12,10,81,0.8326851596906795,20.032,42,33
48,11,12,10,81,0.8355992508260766,72.41600000000001,42,34
49,11,12,10,82,0.8356124956158661,8.032,42,34
49,12,12,10,83,0.8373328363475496,56.76800000000001,42,34
50,12,12,10,84,0.8382321043205405,120.992,42,34
50,12,12,10,84,0.8402530384040926,150.016,43,34
50,12,12,10,84,0.8361967963838155,93.95200000000001,43,35
50,12,13,10,85,0.8404546918269991,69.76,43,35
50,12,13,10,85,0.8421972353770216,58.592000000000006,43,36
50,12,13,10,85,0.842718742959457,11.904,43,37
51,12,13,10,86,0.8420075564052281,81.12,43,37
52,12,13,10,87,0.8420700582244978,89.69600000000001,43,37
52,12,13,10,87,0.8399513819994325,150.016,44,37
52,12,13,10,87,0.8363895282911469,150.016,45,37
52,12,13,10,87,0.8318303210109699,146.49599999999998,45,38
52,12,13,10,87,0.828243921319809,125.792,45,39
52,13,13,10,88,0.8283665101253866,8.928,45,39
52,13,13,10,88,0.8279781486054509,150.016,46,39
53,13,13,10,89,0.828134177330447,97.31200000000001,46,39
53,13,14,10,90,0.8281833319595738,6.4,46,39
53,13,14,10,90,0.8263999158940838,150.016,47,39
53,13,14,11,91,0.8266862895647762,95.872,47,39
54,13,14,11,92,0.827947882649967,85.18400000000001,47,39
54,13,14,11,92,0.8276201481682302,150.016,48,39
54,13,14,12,93,0.8290304030132088,76.06400000000001,48,39
54,13,14,13,94,0.8299021012218518,141.344,48,39
54,13,14,13,94,0.829288686990784,139.808,48,40
54,13,14,13,94,0.8241393231706446,150.016,49,40
55,13,14,13,95,0.8261955319991473,57.888000000000005,49,40
55,13,14,14,96,0.8248511535829772,91.68,49,40
55,13,14,14,96,0.8225215687726559,150.016,50,40
55,13,14,14,96,0.8234094144437826,150.016,51,40
55,13,14,14,96,0.8219813520757051,150.016,52,40
55,13,14,14,96,0.8194072953819842,74.976,52,41
55,13,14,14,96,0.8192765953952178,150.016,53,41
55,14,14,14,97,0.8191902189014422,9.248,53,41
55,14,14,14,97,0.8192965244716668,112.096,53,42
55,14,14,14,97,0.8185837301046414,134.912,53,43
55,15,14,14,98,0.8215307975536039,67.744,53,43
56,15,14,14,99,0.8225646561359258,63.55200000000001,53,43
56,15,14,14,99,0.8217462350635267,150.016,54,43
57,15,14,14,100,0.8228336201435155,103.90400000000001,54,43
57,15,14,15,101,0.8231290366588203,12.48,54,43
58,15,14,15,102,0.8258597089861056,69.024,54,43
58,15,15,15,103,0.8222583922200044,109.18400000000001,54,43
58,15,15,15,103,0.8211337542233977,119.52000000000001,54,44
58,15,15,15,103,0.8186552484096309,129.344,54,45
58,15,15,15,103,0.8181765468950899,133.952,54,46
58,15,15,15,103,0.8166996763022552,133.024,54,47
59,15,15,15,104,0.8173808599556672,62.272000000000006,54,47
59,15,15,15,104,0.8205635386783682,75.52000000000001,54,48
59,15,15,15,104,0.8218286472480884,131.84,54,49
59,15,15,16,105,0.8229741400616594,61.760000000000005,54,49
59,15,15,16,105,0.8238381048673789,150.016,55,49
59,15,15,16,105,0.8226374753307393,140.224,55,50
59,15,15,16,105,0.8220588636693201,124.19200000000001,55,51
60,15,15,16,106,0.8232917824598233,62.88,55,51
60,15,15,16,106,0.8222635941456238,117.024,55,52
60,15,16,16,107,0.8229036302626067,81.98400000000001,55,52
60,15,16,17,108,0.825424261559405,58.784000000000006,55,52
60,16,16,17,109,0.8257739573644547,10.56,55,52
60,16,16,17,109,0.8253930924175816,21.312,55,53
60,16,16,18,110,0.8265645639796275,127.52000000000001,55,53
60,16,16,18,110,0.8229351985320068,150.016,56,53
60,16,16,19,111,0.8247977936242841,74.976,56,53
60,16,16,19,111,0.8249892939955038,150.016,57,53
60,17,16,19,112,0.8250615047118979,8.768,57,53
60,17,17,19,113,0.8252874950303891,3.2640000000000002,57,53
60,17,17,19,113,0.8239716078407036,150.016,58,53
60,18,17,19,114,0.8239529008037781,8.64,58,53
60,18,18,19,115,0.8228669405068725,71.328,58,53
60,18,18,19,115,0.8197163533123923,150.016,59,53
61,18,18,19,116,0.8213718554503954,71.168,59,53
61,18,18,19,116,0.8207602223015589,124.384,59,54
61,18,18,19,116,0.8204008229660061,149.98399999999998,59,55
61,18,18,19,116,0.8213847712167942,55.48800000000001,59,56
61,18,18,19,116,0.8211571629584203,150.016,60,56
61,18,18,19,116,0.8199326939012217,150.016,61,56
61,18,19,19,117,0.819564759338626,89.248,61,56
61,18,19,20,118,0.8204248378491401,101.60000000000001,61,56
61,18,19,21,119,0.8230213754956749,76.19200000000001,61,56
62,18,19,21,120,0.8227024286043207,88.992,61,56
62,18,19,21,120,0.8208430447908088,150.016,62,56
62,18,19,21,120,0.8212618962057922,106.304,62,57
63,18,19,21,121,0.821861443988556,78.688,62,57
63,18,19,21,121,0.8206776943943148,150.016,63,57
64,18,19,21,122,0.8206568908352593,98.176,63,57
64,18,19,21,122,0.8185769771064461,150.016,64,57
64,19,19,21,123,0.8184695617211039,13.344,64,57
64,20,19,21,124,0.8180732429130497,126.304,64,57
65,20,19,21,125,0.818042315044007,15.424,64,57
65,20,19,21,125,0.8190312996977008,64.32000000000001,64,58
65,20,19,21,125,0.8173648807024979,97.536,64,59
65,20,19,21,125,0.81655888557355,150.016,65,59
66,20,19,21,126,0.8179228059174453,61.15200000000001,65,59
