front_col,left_col,right_col,rear_col,num_cols,avg_speed,avg_time_taken,time_limit_reached
0,0,1,0,1,-1.4690279144070524,78.304,0
0,0,1,0,1,-1.5012207354538043,52.76800000000001,0
0,0,2,0,2,-1.200825048781665,126.46400000000001,0
0,0,2,0,2,-1.185775458193101,39.68000000000001,0
0,1,2,0,3,-1.1392782948785332,47.36000000000001,0
0,1,2,1,4,-1.1951879367575657,91.36,0
0,1,2,2,5,-1.1930502327858241,19.584,0
0,1,2,2,5,-0.9278250643925418,150.016,1
0,1,3,2,6,-0.9220079715698358,23.168,1
0,1,3,3,7,-0.9496315552222855,60.480000000000004,1
0,1,3,3,7,-0.9687789376747051,34.848000000000006,1
0,1,3,3,7,-0.8754015835241775,150.016,2
0,1,3,3,7,-0.8970305868140797,59.968,2
0,1,4,3,8,-0.8989588618287307,13.856,2
0,1,4,4,9,-0.90572334628631,56.672000000000004,2
0,1,5,4,10,-0.9231163384240271,99.13600000000001,2
0,1,5,4,10,-0.9388826579220987,28.352,2
0,1,5,4,10,-0.9394829014247685,13.024000000000001,2
0,1,5,4,10,-0.9625301921931287,25.376,2
0,1,5,4,10,-0.9663693854731542,48.83200000000001,2
0,1,5,4,10,-0.9697130812221387,47.52,2
0,1,5,4,10,-0.9526104596960221,98.4,2
0,1,5,5,11,-0.9616409689333731,42.208000000000006,2
0,1,5,6,12,-0.9686287592366176,94.08000000000001,2
0,1,5,6,12,-0.9724380540619372,50.528000000000006,2
0,1,6,6,13,-0.9616336820655603,36.51200000000001,2
0,1,7,6,14,-0.9620515899588158,13.952,2
0,1,8,6,15,-0.9629964125164219,14.72,2
0,2,8,6,16,-0.9579338706180874,24.064,2
0,3,8,6,17,-0.9634311153966958,27.584,2
0,3,8,6,17,-0.970509774207563,19.168,2
0,3,8,7,18,-0.9924802725049988,142.23999999999998,2
0,3,9,7,19,-1.0058641597859919,76.16000000000001,2
1,3,9,7,20,-0.9950561453499268,22.272000000000002,2
1,3,9,8,21,-0.9968784151906982,63.68000000000001,2
1,3,9,8,21,-1.0121225165154941,88.992,2
1,3,9,8,21,-1.011667963942197,73.92,2
1,3,9,8,21,-0.9979568044648106,150.016,3
1,3,10,8,22,-1.0053716543275237,89.92,3
1,3,10,8,22,-1.0054653017015862,150.016,4
1,3,10,8,22,-1.0448928383638116,102.4,4
1,3,10,8,22,-1.0475609809110622,20.576,4
1,3,11,8,23,-1.0390124383280548,37.344,4
1,3,11,8,23,-1.0391738961316868,48.096000000000004,4
1,3,11,8,23,-0.9917364490868142,150.016,5
1,3,12,8,24,-0.9921171019357894,13.792,5
1,3,12,8,24,-0.9970970078083988,150.016,6
1,3,13,8,25,-1.0096142628470979,70.208,6
1,3,14,8,26,-1.0087763955391094,14.432,6
1,3,14,8,26,-0.9888484212506692,150.016,7
1,3,14,8,26,-0.9802595932887582,130.688,7
1,3,14,8,26,-0.983584249100904,17.728,7
1,3,15,8,27,-0.9870979682135355,111.90400000000001,7
1,3,15,8,27,-0.9615569871100065,150.016,8
1,3,15,8,27,-0.931043595908393,150.016,9
1,3,15,8,27,-0.9314906567530985,150.016,10
1,3,16,8,28,-0.9268458952280538,39.61600000000001,10
1,3,16,8,28,-0.9286418516956446,36.70400000000001,10
1,3,16,8,28,-0.935014208617639,21.792,10
1,3,16,8,28,-0.9377851011949893,32.224000000000004,10
1,3,16,8,28,-0.9408457501291353,32.06400000000001,10
1,3,17,8,29,-0.9395942763978526,17.92,10
1,3,18,8,30,-0.9414361232658606,83.968,10
1,3,19,8,31,-0.9416537915652797,13.856,10
1,3,20,8,32,-0.9415688903876294,16.32,10
1,3,20,8,32,-0.9426595320242577,109.408,10
1,3,20,8,32,-0.9443150338155973,13.184000000000001,10
1,3,21,8,33,-0.9435726309384704,17.248,10
1,3,22,8,34,-0.9416255846742222,25.344,10
1,3,22,8,34,-0.933481873647311,150.016,11
1,3,22,8,34,-0.9328267841669278,49.248000000000005,11
1,3,23,8,35,-0.9329280697904773,15.008000000000001,11
1,3,23,8,35,-0.9412147189007055,51.29600000000001,11
2,3,23,8,36,-0.9386785635066838,10.848,11
2,3,23,9,37,-0.9395760209279077,76.32000000000001,11
2,3,23,9,37,-0.9387779121128246,61.02400000000001,11
2,3,24,9,38,-0.9386341993390243,14.176,11
2,3,24,10,39,-0.9419751780101299,44.992000000000004,11
2,3,24,11,40,-0.9409043262957865,60.288000000000004,11
2,3,24,11,40,-0.938178848831158,150.016,12
3,3,24,11,41,-0.9372254892047612,16.832,12
3,3,24,12,42,-0.9480282309535394,123.64800000000001,12
3,3,24,12,42,-0.9664802637441335,114.976,12
3,3,24,12,42,-0.9669019828251848,43.104000000000006,12
3,3,24,13,43,-0.970213380337895,127.39200000000001,12
3,3,25,13,44,-0.9709006150088454,13.504,12
3,3,25,14,45,-0.9720872055918851,58.048,12
3,3,25,14,45,-0.9741287553097774,54.400000000000006,12
3,3,25,14,45,-0.9755066739211177,74.24000000000001,12
3,3,25,14,45,-0.9751503753144661,150.016,13
3,4,25,14,46,-0.9751868987356125,50.080000000000005,13
3,4,25,14,46,-0.9744680868703649,61.02400000000001,13
3,4,25,14,46,-0.9754335433778496,13.248000000000001,13
3,4,25,14,46,-0.9759844397736703,30.464000000000002,13
3,4,26,14,47,-0.9807808557159648,56.480000000000004,13
3,4,26,14,47,-0.9730616316347449,150.016,14
3,4,27,14,48,-0.9795303793193217,86.176,14
3,4,27,14,48,-0.9793985810493229,68.54400000000001,14
3,4,27,14,48,-0.9797957563700047,142.464,14
3,4,28,14,49,-0.9830711096284207,96.384,14
3,4,29,14,50,-0.982630587813799,98.36800000000001,14
3,4,29,14,50,-0.9841070566263137,51.104000000000006,14
3,4,30,14,51,-0.9837646528231628,14.4,14
3,4,30,14,51,-0.9860168030163324,106.49600000000001,14
3,4,30,15,52,-0.985879790304831,57.184000000000005,14
3,4,31,15,53,-0.9877897129168044,52.032000000000004,14
3,4,31,15,53,-0.9778766211552262,150.016,15
3,4,31,15,53,-0.9787648818544741,50.048,15
3,4,31,16,54,-0.9883353390824787,107.488,15
3,4,32,16,55,-0.987423977425198,22.112000000000002,15
4,4,32,16,56,-0.985574902419088,14.336,15
5,4,32,16,57,-0.9885576934248933,109.69600000000001,15
5,4,32,16,57,-0.9885648711415556,18.432,15
5,4,32,17,58,-0.9889910136107397,54.784000000000006,15
5,4,33,17,59,-0.9884929290938336,15.168000000000001,15
5,5,33,17,60,-0.9897556687901572,68.96000000000001,15
5,5,34,17,61,-0.989925921055213,15.744,15
5,5,34,18,62,-0.9905790356384919,45.472,15
5,5,34,18,62,-0.9919460386636972,31.04,15
5,5,34,18,62,-0.9943149429985688,28.672,15
5,5,34,19,63,-0.9925156446765315,50.24,15
5,5,34,19,63,-0.9952852062445158,51.584,15
5,5,35,19,64,-0.9967213958510984,126.11200000000001,15
5,5,36,19,65,-0.9960810408367955,18.592,15
6,5,36,19,66,-0.9995130361083754,94.72,15
6,5,37,19,67,-1.004001905071542,53.92,15
7,5,37,19,68,-1.0037155458428935,51.42400000000001,15
7,5,37,19,68,-1.0035293957749039,47.072,15
7,5,37,19,68,-1.0050618603995138,39.36000000000001,15
7,5,37,19,68,-1.0066964732650434,29.312,15
7,5,38,19,69,-1.0114755992032707,84.864,15
7,5,38,19,69,-1.0141450053957646,64.28800000000001,15
7,5,39,19,70,-1.0136519912892108,14.368,15
7,5,39,19,70,-1.0120628573802883,150.016,16
7,5,40,19,71,-1.0167319767531704,125.632,16
7,5,40,20,72,-1.017028711897401,34.752,16
7,5,41,20,73,-1.0166423399997027,20.96,16
7,5,41,20,73,-1.0182418180036907,40.25600000000001,16
7,5,41,20,73,-1.0182906295503718,15.488,16
7,5,41,20,73,-1.0207802571719373,56.32000000000001,16
7,5,41,20,73,-1.0201016808161483,37.728,16
7,5,41,20,73,-1.020183454440177,41.184000000000005,16
7,5,42,20,74,-1.019974480760635,114.59200000000001,16
7,5,43,20,75,-1.0159697164532144,48.00000000000001,16
7,5,43,20,75,-1.0160644503688692,45.248000000000005,16
7,5,43,20,75,-1.0053565887280855,144.416,16
7,5,44,20,76,-1.0129166475717655,77.72800000000001,16
7,5,45,20,77,-1.01213041833785,23.2,16
7,5,45,20,77,-1.0138581176379518,150.016,17
7,5,45,21,78,-1.0128575651683502,72.06400000000001,17
7,5,45,21,78,-1.0233180289452946,132.064,17
7,5,45,21,78,-1.0237464808607197,38.24,17
7,5,45,21,78,-1.0240062712148263,31.936,17
7,5,45,21,78,-1.0237943530172762,54.752,17
7,5,45,22,79,-1.02559704748163,130.912,17
7,5,45,22,79,-1.026153833562286,52.736000000000004,17
7,5,45,22,79,-1.0256268552859373,50.816,17
7,5,46,22,80,-1.0258113416535228,14.112,17
7,6,46,22,81,-1.0250268241191993,104.864,17
7,6,46,23,82,-1.024636500429524,40.00000000000001,17
7,6,46,23,82,-1.0255351405224968,44.25600000000001,17
7,6,47,23,83,-1.0254294187578918,14.816,17
7,6,47,23,83,-1.02500808376948,55.68000000000001,17
7,7,47,23,84,-1.0238719715924902,37.440000000000005,17
7,7,47,23,84,-1.0292906530307862,150.016,18
8,7,47,23,85,-1.0282388997878744,13.056000000000001,18
8,7,47,24,86,-1.0287015236381631,49.760000000000005,18
8,7,47,24,86,-1.0336998567448332,114.56,18
8,7,47,24,86,-1.0342507468607756,39.87200000000001,18
8,7,47,24,86,-1.0341268428474104,17.248,18
8,7,47,24,86,-1.0338925219776107,13.952,18
8,7,47,24,86,-1.033574451389411,55.040000000000006,18
8,7,47,24,86,-1.0374179915262725,150.016,19
8,8,47,24,87,-1.035630048260127,42.272000000000006,19
8,8,47,24,87,-1.0370379722625458,26.496000000000002,19
8,8,47,25,88,-1.0365905385839504,45.760000000000005,19
8,8,47,25,88,-1.0379312450001081,98.784,19
8,8,47,26,89,-1.0383783330516136,47.136,19
8,8,48,26,90,-1.037081598288464,28.832,19
8,8,48,26,90,-1.0402760059477012,112.48,19
8,8,48,27,91,-1.03947221902622,68.44800000000001,19
8,8,48,28,92,-1.0404895903565246,63.168000000000006,19
8,8,49,28,93,-1.040088994972168,123.36,19
8,8,50,28,94,-1.0399526514489386,15.968,19
8,8,50,28,94,-1.0439473802888477,67.424,19
8,8,50,28,94,-1.036791009839469,150.016,20
8,8,50,29,95,-1.0370282517936351,19.456,20
8,8,51,29,96,-1.0401335252690511,108.28800000000001,20
8,8,52,29,97,-1.039635991791079,18.464,20
8,8,52,29,97,-1.0386910208444446,86.016,20
8,8,52,29,97,-1.0406915196943238,51.072,20
8,8,52,29,97,-1.04210880198947,59.55200000000001,20
8,8,52,29,97,-1.0420824689667032,17.248,20
8,8,52,30,98,-1.0412110221752635,57.92,20
9,8,52,30,99,-1.040664141235926,9.888,20
9,8,52,31,100,-1.0409955838009781,38.496,20
9,8,52,32,101,-1.0410591402579092,52.736000000000004,20
9,8,52,32,101,-1.0414931901088398,36.864000000000004,20
9,8,52,32,101,-1.0420540530727997,30.400000000000002,20
9,8,52,32,101,-1.042688392480539,21.888,20
9,8,52,32,101,-1.0434369799103613,61.28000000000001,20
9,8,52,32,101,-1.0442304822974546,18.944,20
9,8,52,32,101,-1.04441221868511,40.19200000000001,20
9,8,52,32,101,-1.0421900097975592,150.016,21
9,8,52,32,101,-1.0449058771757094,128.64,21
9,8,52,32,101,-1.045672722222631,43.80800000000001,21
9,8,52,32,101,-1.0447755210133167,69.47200000000001,21
9,8,53,32,102,-1.0418593439804829,76.224,21
9,8,53,32,102,-1.033279724910233,150.016,22
9,8,53,32,102,-1.0348487688114676,22.592,22
9,8,53,32,102,-1.0353636528002905,38.592000000000006,22
9,8,54,32,103,-1.0348419097198622,16.928,22
9,8,54,32,103,-1.035466853116476,43.52,22
9,8,54,33,104,-1.0353943740825893,51.93600000000001,22
9,8,54,34,105,-1.0357825429582233,34.752,22
9,8,54,34,105,-1.0271000643538846,150.016,23
9,8,54,34,105,-1.0272706888184404,40.992000000000004,23
10,8,54,34,106,-1.0268625758465888,98.72,23
10,8,54,34,106,-1.0264047548254058,60.864000000000004,23
10,9,54,34,107,-1.0251357852283487,51.84,23
10,9,55,34,108,-1.0239642938360123,30.784,23
10,9,55,34,108,-1.0261819241056316,100.19200000000001,23
10,9,55,34,108,-1.0285320559477356,134.72,23
10,9,56,34,109,-1.0285628137047464,15.616,23
10,9,56,35,110,-1.0272327826765504,80.992,23
10,9,56,35,110,-1.0280142362481697,94.56,23
10,9,56,36,111,-1.0271802582068954,68.28800000000001,23
10,9,56,36,111,-1.027486149341132,55.232000000000006,23
10,9,56,36,111,-1.0188231158536454,150.016,24
10,9,56,36,111,-1.019696397767343,30.784,24
10,9,56,36,111,-1.019821379297914,30.048000000000002,24
10,9,57,36,112,-1.0185096766593091,32.224000000000004,24
10,9,57,36,112,-1.018509038395237,19.008,24
10,9,57,36,112,-1.0167619070445544,36.224000000000004,24
10,9,57,36,112,-1.0176824042740729,43.904,24
10,9,57,36,112,-1.0177989353289534,55.29600000000001,24
10,9,57,36,112,-1.0171338469064517,29.984,24
10,9,57,36,112,-1.0202901243563391,90.656,24
10,9,57,37,113,-1.0203147832678883,65.12,24
11,9,57,37,114,-1.0197186963736709,9.344,24
11,9,58,37,115,-1.0184476170019912,32.06400000000001,24
11,9,59,37,116,-1.017883058736415,22.72,24
11,9,59,37,116,-1.019956368602801,90.976,24
11,9,59,37,116,-1.0188442076765458,123.52000000000001,24
11,9,59,37,116,-1.0209378587260387,139.744,24
11,9,60,37,117,-1.024273058057686,88.128,24
11,9,61,37,118,-1.0243113212880761,13.696,24
11,9,62,37,119,-1.0244151750145587,13.632,24
11,9,62,38,120,-1.025626216768126,140.352,24
11,9,63,38,121,-1.0255935286232094,15.232000000000001,24
11,9,63,38,121,-1.0258446074266354,37.248000000000005,24
