front_col,left_col,right_col,rear_col,num_cols,avg_speed,avg_time_taken,time_limit_reached
1,0,0,0,1,0.6561116670835705,40.76800000000001,0
1,0,0,0,1,1.0542225588485536,150.016,1
1,0,0,0,1,0.9947950997947467,51.392,1
1,0,1,0,2,0.8048103299015761,62.592000000000006,1
1,1,1,0,3,0.8021947528286125,10.112,1
2,1,1,0,4,0.7968317834641493,9.472,1
3,1,1,0,5,0.8043603900299777,9.152000000000001,1
3,1,1,1,6,0.7551401745178259,48.51200000000001,1
3,1,2,1,7,0.6692232379841204,57.696000000000005,1
3,1,2,2,8,0.6516811056544665,22.048000000000002,1
4,1,2,2,9,0.6451443878789707,76.44800000000001,1
4,1,2,2,9,0.7401943664206543,150.016,2
4,1,2,2,9,0.7631282381531896,52.736000000000004,2
5,1,2,2,10,0.7733895991273708,64.64,2
5,1,2,2,10,0.8172706140599452,150.016,3
5,1,3,2,11,0.7850422853179042,59.42400000000001,3
5,1,3,3,12,0.7637113851635786,75.584,3
5,1,3,3,12,0.7679747272841784,51.264,3
6,1,3,3,13,0.7669622091157162,9.536,3
7,1,3,3,14,0.7370469401396001,59.648,3
8,1,3,3,15,0.7456646012762363,50.912000000000006,3
8,1,4,3,16,0.7324139772182129,37.024,3
8,1,4,4,17,0.726387387227724,21.984,3
9,1,4,4,18,0.7266076141534342,10.144,3
10,1,4,4,19,0.7260442252176375,25.984,3
10,2,4,4,20,0.7301291070754551,9.472,3
10,3,4,4,21,0.7290898624876687,9.92,3
10,4,4,4,22,0.7291610886624199,56.12800000000001,3
10,4,4,5,23,0.7113274361009251,48.32000000000001,3
11,4,4,5,24,0.7105105590753383,10.272,3
12,4,4,5,25,0.7069904681130023,44.51200000000001,3
13,4,4,5,26,0.6963491681436208,48.928000000000004,3
14,4,4,5,27,0.6843347646778007,49.28,3
14,4,4,5,27,0.6759859935456171,60.32000000000001,3
14,4,4,5,27,0.6932154118239904,150.016,4
15,4,4,5,28,0.6676249300940916,62.976000000000006,4
15,4,5,5,29,0.6537024369159649,73.024,4
15,4,5,5,29,0.6395931676179769,150.016,5
15,4,6,5,30,0.639026414748213,51.104000000000006,5
16,4,6,5,31,0.6297753477759872,66.08,5
16,4,7,5,32,0.625355321228848,47.84,5
16,5,7,5,33,0.6253389989401338,10.176,5
16,5,7,6,34,0.6237274219818576,20.704,5
17,5,7,6,35,0.623682828489907,10.144,5
17,5,7,7,36,0.6180469740924485,36.480000000000004,5
18,5,7,7,37,0.6130252127600164,60.57600000000001,5
18,6,7,7,38,0.6135137533177338,10.112,5
19,6,7,7,39,0.6132331026087506,11.136000000000001,5
20,6,7,7,40,0.6127428375053787,59.55200000000001,5
20,7,7,7,41,0.6187978090529,47.456,5
20,7,7,7,41,0.6244103251906225,61.760000000000005,5
21,7,7,7,42,0.6154166375416901,41.056000000000004,5
22,7,7,7,43,0.6154527709506323,9.76,5
22,7,7,7,43,0.6386912910153426,150.016,6
22,7,7,8,44,0.6294144783681735,57.08800000000001,6
23,7,7,8,45,0.6350808121685615,47.008,6
23,8,7,8,46,0.6371044258786289,55.2,6
23,8,7,9,47,0.6328020093871184,56.352000000000004,6
24,8,7,9,48,0.6328101720501448,9.76,6
25,8,7,9,49,0.6387960641054774,88.03200000000001,6
25,8,7,10,50,0.6317252250771255,62.176,6
25,9,7,10,51,0.6312954725985516,11.104000000000001,6
25,9,7,11,52,0.6291274684766032,24.672,6
25,9,7,11,52,0.6312505133132067,74.944,6
25,9,7,12,53,0.6237975100210156,55.42400000000001,6
26,9,7,12,54,0.6252968893499861,9.088000000000001,6
27,9,7,12,55,0.6257832036381573,9.696,6
27,10,7,12,56,0.6272749819320892,12.192,6
28,10,7,12,57,0.627240184079398,10.304,6
28,10,8,12,58,0.6127694916030075,65.92,6
29,10,8,12,59,0.6131874495611104,9.792,6
30,10,8,12,60,0.6068452252045144,58.592000000000006,6
31,10,8,12,61,0.6071389577544792,9.408,6
31,11,8,12,62,0.6061725123588249,38.400000000000006,6
32,11,8,12,63,0.6063563877167466,9.792,6
32,11,8,13,64,0.5963847039175008,52.83200000000001,6
32,12,8,13,65,0.5931115838375466,52.51200000000001,6
32,12,9,13,66,0.5948284649535113,63.52,6
32,12,9,13,66,0.6143426551528839,150.016,7
32,13,9,13,67,0.6130675257861704,52.352000000000004,7
33,13,9,13,68,0.6132968842846349,9.6,7
33,13,9,14,69,0.6081611558261658,50.592000000000006,7
33,13,9,14,69,0.628541635386197,150.016,8
34,13,9,14,70,0.6258810514214781,38.528000000000006,8
34,13,9,15,71,0.6240768936387827,68.864,8
35,13,9,15,72,0.6240167757217386,10.752,8
36,13,9,15,73,0.6249388597154775,9.472,8
37,13,9,15,74,0.6246352974595015,11.616,8
38,13,9,15,75,0.6262355382603354,36.96,8
39,13,9,15,76,0.6262911161252321,38.048,8
39,13,10,15,77,0.6222106555017648,74.816,8
40,13,10,15,78,0.6153551196250955,55.36000000000001,8
40,13,10,16,79,0.6113274811160718,58.976000000000006,8
40,13,10,16,79,0.6118450034515056,47.712,8
41,13,10,16,80,0.6079528171905847,49.472,8
41,13,11,16,81,0.6010153643668052,65.85600000000001,8
42,13,11,16,82,0.5978032122483826,50.304,8
42,13,11,17,83,0.5962060191358893,52.38400000000001,8
43,13,11,17,84,0.5963021516834874,9.536,8
43,13,11,18,85,0.5959991700843126,49.120000000000005,8
44,13,11,18,86,0.5962371774041135,9.888,8
44,13,12,18,87,0.5936051572179541,57.888000000000005,8
44,13,12,19,88,0.5925076393334633,58.144000000000005,8
45,13,12,19,89,0.5926079547625668,9.344,8
46,13,12,19,90,0.5885361533619416,43.61600000000001,8
47,13,12,19,91,0.5882038699664209,11.616,8
47,13,12,20,92,0.58417530781291,50.976000000000006,8
48,13,12,20,93,0.5783106482828358,62.976000000000006,8
48,13,13,20,94,0.5759323126238879,85.28,8
49,13,13,20,95,0.5807078695004378,52.608000000000004,8
50,13,13,20,96,0.5789702446372578,47.55200000000001,8
50,14,13,20,97,0.5791133670682501,10.528,8
50,15,13,20,98,0.579824428521261,52.992000000000004,8
51,15,13,20,99,0.5782340908407683,49.056000000000004,8
51,15,13,21,100,0.5748770068169872,66.432,8
51,15,13,22,101,0.5740944760031857,55.80800000000001,8
51,15,14,22,102,0.5690126035249148,64.67200000000001,8
51,15,14,23,103,0.562317790310059,53.696000000000005,8
52,15,14,23,104,0.5623239904472993,9.504,8
53,15,14,23,105,0.5672308677045895,57.504000000000005,8
53,15,14,24,106,0.5659964532891827,52.352000000000004,8
54,15,14,24,107,0.5678265357553899,56.70400000000001,8
55,15,14,24,108,0.5615427457744683,67.2,8
55,15,14,25,109,0.5585159405532549,57.92,8
56,15,14,25,110,0.5576681111866381,78.272,8
56,16,14,25,111,0.5610471071444166,83.13600000000001,8
56,17,14,25,112,0.5617752551371432,15.200000000000001,8
56,17,14,25,112,0.5652478033564471,58.656000000000006,8
56,17,15,25,113,0.5644794368923831,63.008,8
57,17,15,25,114,0.5634970529086015,48.928000000000004,8
58,17,15,25,115,0.5635050705823753,9.792,8
59,17,15,25,116,0.5619280289256077,35.232000000000006,8
59,17,15,26,117,0.5585589563347465,57.92,8
59,17,15,27,118,0.5572739306197101,21.312,8
60,17,15,27,119,0.55497327173665,50.816,8
61,17,15,27,120,0.5506291754506907,53.15200000000001,8
61,18,15,27,121,0.5507132805593787,11.200000000000001,8
62,18,15,27,122,0.5506913453416783,73.12,8
62,18,15,28,123,0.5500006416761015,22.176000000000002,8
63,18,15,28,124,0.5503696293523664,9.568,8
63,18,16,28,125,0.5457009618625852,70.656,8
64,18,16,28,126,0.544815267578762,24.928,8
64,18,16,28,126,0.5548802890883076,150.016,9
64,18,16,28,126,0.5681357514963129,150.016,10
65,18,16,28,127,0.5659161500786978,39.584,10
65,18,17,28,128,0.5662182116551944,18.208000000000002,10
65,19,17,28,129,0.5663929094733057,9.76,10
65,19,17,28,129,0.5804094464948164,150.016,11
65,19,17,28,129,0.5816983802066557,61.440000000000005,11
65,20,17,28,130,0.581461632489221,37.152,11
65,20,17,29,131,0.5782661117206735,54.464000000000006,11
65,20,17,30,132,0.57968454753244,54.976000000000006,11
65,21,17,30,133,0.5797311438623989,10.176,11
65,21,17,31,134,0.5764859741751736,69.504,11
65,21,17,32,135,0.5732171971525697,50.368,11
65,21,17,33,136,0.572189537888261,24.608,11
65,21,17,33,136,0.5720863768312008,68.92800000000001,11
65,21,17,34,137,0.5710379164770624,24.544,11
66,21,17,34,138,0.5697680405489306,23.2,11
66,22,17,34,139,0.5727817848153229,66.08,11
67,22,17,34,140,0.5729695423480403,9.632,11
68,22,17,34,141,0.5730337688230286,9.6,11
68,23,17,34,142,0.5736380875764419,9.408,11
69,23,17,34,143,0.5738140208567164,9.696,11
69,23,17,34,143,0.5865206917731838,150.016,12
69,23,18,34,144,0.5876109352032952,54.176,12
69,23,18,35,145,0.5849169060288653,52.70400000000001,12
70,23,18,35,146,0.585117429336976,9.728,12
71,23,18,35,147,0.5851354227441611,10.592,12
72,23,18,35,148,0.584857510030957,66.048,12
73,23,18,35,149,0.5825806202359827,51.168000000000006,12
74,23,18,35,150,0.5825617983544085,10.656,12
74,23,18,35,150,0.5836298798000863,59.93600000000001,12
75,23,18,35,151,0.5841629624779479,63.61600000000001,12
75,23,18,36,152,0.5823016898261197,62.432,12
75,23,19,36,153,0.5818813860833668,54.720000000000006,12
76,23,19,36,154,0.5806344167417391,51.136,12
76,23,19,37,155,0.5788663849869756,62.368,12
77,23,19,37,156,0.576958887190059,55.36000000000001,12
78,23,19,37,157,0.5754575566535871,60.00000000000001,12
78,23,19,38,158,0.5749343858281524,71.04,12
79,23,19,38,159,0.5751129709565144,9.696,12
79,23,19,38,159,0.5861742479483248,150.016,13
80,23,19,38,160,0.5863599882026973,9.76,13
81,23,19,38,161,0.5869346098369137,9.120000000000001,13
82,23,19,38,162,0.5862830953758598,16.128,13
82,23,19,38,162,0.5920286129331905,150.016,14
82,23,19,38,162,0.5932341428052524,56.83200000000001,14
83,23,19,38,163,0.5932061304803372,11.008000000000001,14
84,23,19,38,164,0.5933476675958158,9.696,14
85,23,19,38,165,0.5934777709057937,9.76,14
85,23,19,39,166,0.5918118870158442,52.38400000000001,14
86,23,19,39,167,0.5917777714769077,59.072,14
87,23,19,39,168,0.5940778100035329,79.39200000000001,14
88,23,19,39,169,0.5940771331266738,9.696,14
89,23,19,39,170,0.5941302177023782,9.6,14
90,23,19,39,171,0.594964086574405,52.224000000000004,14
91,23,19,39,172,0.5950087173955638,9.824,14
92,23,19,39,173,0.5950245337852497,9.536,14
92,23,19,40,174,0.5943282585690709,24.672,14
92,23,19,41,175,0.5920973744531036,51.072,14
93,23,19,41,176,0.5926264819361681,8.992,14
94,23,19,41,177,0.5948391903378091,75.456,14
94,23,19,41,177,0.6007222840482087,150.016,15
95,23,19,41,178,0.6007847860817663,9.856,15
96,23,19,41,179,0.600964498180354,9.728,15
96,23,19,41,179,0.600918810400264,42.656000000000006,15
96,24,19,41,180,0.601067513081774,10.208,15
97,24,19,41,181,0.598954732768014,49.472,15
98,24,19,41,182,0.5990186922199883,9.632,15
99,24,19,41,183,0.5980323773335936,30.144000000000002,15
100,24,19,41,184,0.5980646783749386,9.856,15
100,24,19,42,185,0.5976417749319402,52.736000000000004,15
100,25,19,42,186,0.5981688661549855,9.376,15
100,25,19,43,187,0.5958702100949291,52.83200000000001,15
101,25,19,43,188,0.5946492174550282,32.44800000000001,15
101,26,19,43,189,0.5939803630655661,55.74400000000001,15
101,26,19,44,190,0.5932134581238968,26.144000000000002,15
102,26,19,44,191,0.5926311912047064,28.288,15
103,26,19,44,192,0.5928050616096524,9.824,15
103,26,20,44,193,0.5898033393795229,59.48800000000001,15
104,26,20,44,194,0.5909543929155354,70.56,15
104,27,20,44,195,0.5904255032110192,62.176,15
105,27,20,44,196,0.5905834895217213,10.432,15
106,27,20,44,197,0.5884515406038978,35.93600000000001,15
107,27,20,44,198,0.5876196232010633,47.93600000000001,15
108,27,20,44,199,0.5876454138637989,9.824,15
109,27,20,44,200,0.5878609983007237,9.6,15
110,27,20,44,201,0.5880038511483946,60.96000000000001,15
110,27,20,44,201,0.5909232533009534,52.96000000000001,15
111,27,20,44,202,0.5906550043611053,64.48,15
112,27,20,44,203,0.5907656431568062,9.632,15
113,27,20,44,204,0.5891328519641902,47.008,15
114,27,20,44,205,0.5899027494678833,40.00000000000001,15
114,28,20,44,206,0.5900457774323109,10.272,15
114,28,20,45,207,0.589990111290113,55.2,15
114,29,20,45,208,0.5890128077677159,65.98400000000001,15
114,30,20,45,209,0.5890643151658715,9.504,15
114,30,20,45,209,0.5938304759447524,150.016,16
115,30,20,45,210,0.5905737124764513,54.304,16
115,31,20,45,211,0.5920673575053645,46.048,16
116,31,20,45,212,0.5920673628883464,10.176,16
117,31,20,45,213,0.59162960682965,111.104,16
118,31,20,45,214,0.5921089521684478,9.312,16
118,32,20,45,215,0.5918353772367412,41.344,16
119,32,20,45,216,0.5913005097509012,71.232,16
119,32,20,45,216,0.5917684858044735,48.32000000000001,16
120,32,20,45,217,0.5915145139775312,58.592000000000006,16
121,32,20,45,218,0.5915911198153762,9.856,16
121,32,20,45,218,0.592555214885408,55.2,16
121,32,20,46,219,0.5920520896998583,21.696,16
